100
100 1
100
10 3
20 3 15
212815 5
623651 257931 240231 935820 535210
476426 4
999535 508719 656295 631315
736129 1
920879
340477 1
289403
1 5
441249 462019 393356 81552 764884
1000000 5
47171 300004 489079 436019 333163
111545 2
55203 564746
470720 5
615928 589632 691605 469491 914378
976923 5
896760 895444 518037 468971 401546
395972 3
564784 574942 111977
899672 5
168608 988753 547607 470159 124012
654244 4
892026 599100 57338 972369
10 5
5 5 5 5 10
1 5
1000000 1000000 1000000 1000000 1000000
3 4
2 2 2 3
1000000 5
803174 187865 907034 736416 723239
540485 5
306103 111438 77530 29342 207992
7 5
207 41 126 181 223
792350 5
102384 173378 144115 972374 854200
957330 1
181534
1000000 5
983025 591925 629042 337413 996083
929834 4
842288 54489 723380 990062
608066 2
548952 582435
466522 4
926801 935562 305349 140768
2 5
1 1 1 1 1
223818 1
368588
324684 3
880634 368814 978565
8 5
158 48 169 49 82
303641 5
100977 351766 395650 888495 992059
523881 1
276386
257624 5
60854 194787 238982 464567 511724
11 5
10 5 5 5 5
989772 5
221357 291734 865980 281331 564285
588636 5
290700 274573 879572 78924 481718
631781 4
183964 992179 869004 573463
202701 3
737756 382242 915603
506514 5
141316 799893 540902 542861 696652
485257 1
759287
1000000 5
852820 690100 717755 947604 233309
624689 5
853564 329303 220886 165263 53024
1000000 5
1000000 1000000 1000000 1000000 1000000
441059 1
678537
2 4
2 2 2 6
696554 5
166631 199654 308428 956282 956793
247719 3
153688 295304 866454
1 5
1 1 1 1 1
147774 5
915141 717679 688476 936291 572928
353639 5
875149 862969 379603 164471 153238
471842 2
162554 109890
1000000 5
390134 448094 385215 699491 877174
847522 5
523789 903038 712903 515307 89601
1000000 1
1000000
881436 5
318422 323151 343454 413443 916326
11 5
5 5 5 5 10
2 5
1 3 8 8 9
303066 5
272416 116635 357529 321930 174258
7 5
2 2 1 3 1
369064 5
770082 596177 511065 312170 277280
12921 1
995718
10 5
162 336 380 12 321
788225 2
690794 707209
391446 3
775236 136061 321143
1000000 1
999999
508049 1
878523
929698 3
684489 600069 83385
833653 3
529591 245873 814571
573486 5
461615 326325 904872 918437 554499
49307 3
448695 218768 934472
3 3
1 1 100
439418 2
838827 697616
719002 5
364031 924133 24350 21150 855250
9 5
345 286 484 301 195
1000000 5
1 1 1 1 1
176293 4
113880 804976 428773 34759
802953 3
147572 650013 760363
940003 4
131584 301552 618908 757825
514949 5
154195 86742 163991 387504 190382
551129 5
213561 92794 388632 325995 135892
812310 4
237224 389499 124858 413516
7 5
2 2 1 1 1
1 5
5 4 3 3 2
530338 1
932113
3 4
2 2 2 4
6 5
76 24 42 75 19
8 5
3 4 4 3 5
43098 5
130916 419026 572141 613208 675156
293704 5
331387 456823 228175 274998 196992
666690 1
210874
655550 5
734354 628921 982717 545499 929989
853948 4
283330 901344 286625 908018
434117 1
77351
282520 3
593193 563221 641159
352314 5
741535 242329 416273 728046 366341
347295 5
142002 342089 364752 135527 23524
14487 3
327399 337217 661755
4 5
1 3 3 1 1
908637 5
663406 359856 272552 130063 59975
705776 2
122810 789666