100
785 0 0
-571 0 0
289 0 0
161 0 0
-76 0 0
-393 0 0
-833 0 0
-390 0 0
311 0 0
-821 0 0
-779 0 0
-59 0 0
-214 0 0
-139 0 0
-804 0 0
75 0 0
333 0 0
-333 0 0
347 0 0
62 0 0
656 0 0
216 0 0
712 0 0
705 0 0
-417 0 0
213 0 0
914 0 0
896 0 0
-161 0 0
840 0 0
279 0 0
-421 0 0
-726 0 0
-533 0 0
-782 0 0
268 0 0
241 0 0
724 0 0
-745 0 0
-929 0 0
-565 0 0
-321 0 0
-56 0 0
857 0 0
-159 0 0
290 0 0
-735 0 0
-542 0 0
553 0 0
257 0 0
194 0 0
-127 0 0
326 0 0
-32 0 0
527 0 0
348 0 0
915 0 0
603 0 0
405 0 0
-286 0 0
573 0 0
737 0 0
-368 0 0
-480 0 0
383 0 0
-111 0 0
869 0 0
-963 0 0
745 0 0
-983 0 0
758 0 0
679 0 0
-507 0 0
-347 0 0
-426 0 0
383 0 0
-590 0 0
-707 0 0
-792 0 0
-377 0 0
-486 0 0
20 0 0
785 0 0
-579 0 0
246 0 0
-569 0 0
828 0 0
286 0 0
-769 0 0
-189 0 0
-41 0 0
449 0 0
83 0 0
-913 0 0
-714 0 0
-255 0 0
-690 0 0
-23 0 0
598 0 0
330 0 0
891 0 0
707 0 0
-365 0 0
-584 0 0
887 0 0
-638 0 0
291 0 0
225 0 0
-111 0 0
-844 0 0
-62 0 0
-925 0 0
-53 0 0
227 0 0
-98 0 0
381 0 0
-301 0 0
39 0 0
-405 0 0
94 0 0
419 0 0
-663 0 0
658 0 0
-504 0 0
556 0 0
870 0 0
47 0 0
620 0 0
-66 0 0
-892 0 0
795 0 0
850 0 0
-566 0 0
476 0 0
-118 0 0
-659 0 0
-958 0 0
-367 0 0
531 0 0
-439 0 0
118 0 0
-70 0 0
290 0 0
-159 0 0
877 0 0
-504 0 0
853 0 0
68 0 0
115 0 0
909 0 0
-277 0 0
-738 0 0
378 0 0
853 0 0
-71 0 0
-586 0 0
570 0 0
442 0 0
93 0 0
654 0 0
399 0 0
841 0 0
-221 0 0
97 0 0
581 0 0
74 0 0
413 0 0
544 0 0
-298 0 0
187 0 0
-164 0 0
50 0 0
-417 0 0
-375 0 0
-37 0 0
-513 0 0
283 0 0
558 0 0
-182 0 0
-286 0 0
-977 0 0
728 0 0
-340 0 0
-682 0 0
-517 0 0
-624 0 0
296 0 0
-393 0 0
153 0 0
-45 0 0
-710 0 0
-568 0 0
-535 0 0
778 0 0
917 0 0
978 0 0
-806 0 0
94 0 0
902 0 0
979 0 0
789 0 0
-234 0 0
-228 0 0
-944 0 0
-725 0 0
590 0 0
-364 0 0
-887 0 0
929 0 0
-460 0 0
101 0 0
659 0 0
371 0 0
-5 0 0
618 0 0
-233 0 0
392 0 0
-168 0 0
-260 0 0
-472 0 0
-759 0 0
244 0 0
634 0 0
-390 0 0
322 0 0
671 0 0
-21 0 0
170 0 0
-649 0 0
-987 0 0
-957 0 0
875 0 0
-18 0 0
634 0 0
-110 0 0
-168 0 0
-225 0 0
-945 0 0
-229 0 0
392 0 0
784 0 0
709 0 0
989 0 0
-773 0 0
-536 0 0
118 0 0
-664 0 0
-242 0 0
817 0 0
65 0 0
86 0 0
820 0 0
-88 0 0
-889 0 0
-478 0 0
-684 0 0
52 0 0
755 0 0
-492 0 0
270 0 0
-808 0 0
-254 0 0
753 0 0
-900 0 0
-985 0 0
41 0 0
-676 0 0
-335 0 0
-767 0 0
946 0 0
-390 0 0
886 0 0
230 0 0
-404 0 0
535 0 0
-806 0 0
-396 0 0
-60 0 0
757 0 0
845 0 0
140 0 0
-169 0 0
706 0 0
-332 0 0
944 0 0
-789 0 0
-547 0 0
68 0 0
-379 0 0
-932 0 0
490 0 0
-924 0 0
-983 0 0
184 0 0
43 0 0
900 0 0
-697 0 0
345 0 0
554 0 0
175 0 0
